// correct answers for each scene

[[4, 6, 9, 10, 11, 12, 14, 16, 18, 20, 21, 22, 24, 29, 31, 32, 34, 35, 37, 39, 41, 43, 44, 47, 50, 53, 54, 57],
[3, 7, 8, 15, 17, 23, 25, 26, 27, 28, 30, 33, 36, 38, 40, 42, 45, 46, 48, 49, 55, 56]
[4, 6, 9, 11, 12, 14, 16, 20, 21, 22, 24, 29, 34, 35, 39, 41, 43, 44, 47, 51, 53, 54, 57]
[3, 7, 8, 17, 23, 25, 26, 27, 28, 30, 33, 36, 38, 40, 42, 45, 46, 48, 49, 55]
[4, 6, 9, 10, 11, 12, 14, 16, 18, 20, 21, 22, 24, 29, 31, 32, 34, 35, 37, 39, 41, 43, 44, 47, 50, 53, 54, 57]
[]

... [correct cards 16]]



